  G=[0.989448962818569   0.020483932016461;...
  -0.669568138205662   0.517271756294979];
    H=[ 0.013824611679569;
   0.893999145641896];
    %Cd=[1 0;0 1];
    Cd=[1 0];
    Dd=0;
  
 L=[1.5067;12.392868];