Kc =

    0.2351    0.9841    0.3217   -0.0084   12.3902   18.4116
    0.9841    0.2351   -0.0084    0.3217  -12.3902  -18.4116


Ki =

   -0.2448   -0.2480
    0.2448   -0.2480